id,ts,sim_t,score,grade,condition_name
1,2026-09-27 16:19:06.36784+08,0,100,优,卡阻
2,2026-09-27 16:19:06.915094+08,0.5,100,优,卡阻
3,2026-09-27 16:19:07.464642+08,1,100,优,卡阻
4,2026-09-27 16:19:08.012296+08,1.5,100,优,卡阻
5,2026-09-27 16:19:08.558246+08,2,100,优,卡阻
6,2026-09-27 16:19:09.103143+08,2.5,100,优,卡阻
7,2026-09-27 16:19:09.647758+08,3,100,优,卡阻
8,2026-09-27 16:19:10.194277+08,3.5,100,优,卡阻
9,2026-09-27 16:19:10.739928+08,4,100,优,卡阻
10,2026-09-27 16:19:11.28682+08,4.5,100,优,卡阻
11,2026-09-27 16:19:11.831629+08,5,100,优,卡阻
12,2026-09-27 16:19:12.599118+08,0,100,优,正常转换
13,2026-09-27 16:19:13.13998+08,0.5,100,优,正常转换
14,2026-09-27 16:19:13.682937+08,1,100,优,正常转换
15,2026-09-27 16:19:14.233675+08,1.5,100,优,正常转换
16,2026-09-27 16:19:14.779137+08,2,100,优,正常转换
17,2026-09-27 16:19:15.32247+08,2.5,100,优,正常转换
18,2026-09-27 16:19:15.863734+08,3,100,优,正常转换
19,2026-09-27 16:19:16.406721+08,3.5,100,优,正常转换
20,2026-09-27 16:19:16.951043+08,4,100,优,正常转换
21,2026-09-27 16:19:17.495314+08,4.5,100,优,正常转换
22,2026-09-27 16:19:18.039408+08,5,100,优,正常转换
23,2026-09-27 16:19:18.584908+08,5.5,100,优,正常转换
24,2026-09-27 16:19:19.131927+08,6,100,优,正常转换
25,2026-09-27 16:19:19.677321+08,6.5,100,优,正常转换
26,2026-09-27 16:19:20.223462+08,7,100,优,正常转换
27,2026-09-27 16:19:20.763854+08,7.5,100,优,正常转换
28,2026-09-27 16:19:21.309397+08,8,100,优,正常转换
29,2026-09-27 16:19:21.855105+08,8.5,100,优,正常转换
30,2026-09-27 16:19:22.405674+08,9,100,优,正常转换
31,2026-09-27 16:19:22.956954+08,9.5,100,优,正常转换
32,2026-09-27 16:23:22.777097+08,0,100,优,卡阻
33,2026-09-27 16:23:23.322777+08,0.5,100,优,卡阻
34,2026-09-27 16:23:23.868242+08,1,100,优,卡阻
35,2026-09-27 16:23:24.412787+08,1.5,100,优,卡阻
36,2026-09-27 16:23:24.960818+08,2,100,优,卡阻
37,2026-09-27 16:23:25.508864+08,2.5,100,优,卡阻
38,2026-09-27 16:23:26.052949+08,3,100,优,卡阻
39,2026-09-27 16:23:26.600484+08,3.5,100,优,卡阻
40,2026-09-27 16:23:27.145455+08,4,100,优,卡阻
41,2026-09-27 16:23:27.691207+08,4.5,100,优,卡阻
42,2026-09-27 16:23:28.235315+08,5,100,优,卡阻
43,2026-09-27 16:23:28.782659+08,5.5,70,预警,卡阻
44,2026-09-27 16:23:29.330813+08,6,55,故障,卡阻
45,2026-09-27 16:23:29.873345+08,6.5,55,故障,卡阻
46,2026-09-27 16:23:30.421818+08,7,55,故障,卡阻
47,2026-09-27 16:23:30.96938+08,7.5,55,故障,卡阻
48,2026-09-27 16:23:31.513115+08,8,55,故障,卡阻
49,2026-09-27 16:23:32.057897+08,8.5,55,故障,卡阻
50,2026-09-27 16:23:32.600262+08,9,55,故障,卡阻
51,2026-09-27 16:23:33.142452+08,9.5,55,故障,卡阻
52,2026-09-27 16:36:35.639405+08,0,100,优,正常转换
53,2026-09-27 16:36:36.18108+08,0.5,100,优,正常转换
54,2026-09-27 16:36:36.728152+08,1,100,优,正常转换
55,2026-09-27 16:36:37.277523+08,1.5,100,优,正常转换
56,2026-09-27 16:36:37.823135+08,2,100,优,正常转换
57,2026-09-27 16:36:38.36902+08,2.5,100,优,正常转换
58,2026-09-27 16:36:38.912467+08,3,100,优,正常转换
59,2026-09-27 16:36:39.455326+08,3.5,100,优,正常转换
60,2026-09-27 16:36:40.001337+08,4,100,优,正常转换
61,2026-09-27 16:36:40.546127+08,4.5,100,优,正常转换
62,2026-09-27 16:36:41.08662+08,5,100,优,正常转换
63,2026-09-27 16:36:41.631792+08,5.5,100,优,正常转换
64,2026-09-27 16:36:42.175297+08,6,100,优,正常转换
65,2026-09-27 16:36:42.71969+08,6.5,100,优,正常转换
66,2026-09-27 16:36:43.263668+08,7,100,优,正常转换
67,2026-09-27 16:36:43.809571+08,7.5,100,优,正常转换
68,2026-09-27 16:36:44.35519+08,8,100,优,正常转换
69,2026-09-27 16:36:44.901545+08,8.5,100,优,正常转换
70,2026-09-27 16:36:45.449496+08,9,100,优,正常转换
71,2026-09-27 16:36:45.994762+08,9.5,100,优,正常转换
72,2026-09-27 16:43:36.211667+08,0,100,优,正常转换
73,2026-09-27 16:43:36.455056+08,0,100,优,正常转换
74,2026-09-27 16:43:36.998407+08,0.5,100,优,正常转换
75,2026-09-27 16:43:37.542521+08,1,100,优,正常转换
76,2026-09-27 16:43:38.08511+08,1.5,100,优,正常转换
77,2026-09-27 16:43:38.632337+08,2,100,优,正常转换
78,2026-09-27 16:43:39.180269+08,2.5,100,优,正常转换
79,2026-09-27 16:43:39.719555+08,3,100,优,正常转换
80,2026-09-27 16:43:40.267855+08,3.5,100,优,正常转换
81,2026-09-27 16:43:40.814725+08,4,100,优,正常转换
82,2026-09-27 16:43:41.359173+08,4.5,100,优,正常转换
83,2026-09-27 16:43:41.903534+08,5,100,优,正常转换
84,2026-09-27 16:43:42.450584+08,5.5,100,优,正常转换
85,2026-09-27 16:43:42.994517+08,6,100,优,正常转换
86,2026-09-27 16:43:43.538775+08,6.5,100,优,正常转换
87,2026-09-27 16:43:44.086663+08,7,100,优,正常转换
88,2026-09-27 16:43:44.633115+08,7.5,100,优,正常转换
89,2026-09-27 16:43:45.180012+08,8,100,优,正常转换
90,2026-09-27 16:43:45.728814+08,8.5,100,优,正常转换
91,2026-09-27 16:43:46.282971+08,9,100,优,正常转换
92,2026-09-27 16:43:46.830601+08,9.5,100,优,正常转换
93,2026-09-27 16:43:59.833024+08,0,100,优,正常转换
94,2026-09-27 16:44:00.385448+08,0.5,100,优,正常转换
95,2026-09-27 16:44:00.932774+08,1,100,优,正常转换
96,2026-09-27 16:44:01.47728+08,1.5,100,优,正常转换
97,2026-09-27 16:44:02.024623+08,2,100,优,正常转换
98,2026-09-27 16:44:02.571681+08,2.5,100,优,正常转换
99,2026-09-27 16:44:03.117872+08,3,100,优,正常转换
100,2026-09-27 16:44:03.662379+08,3.5,100,优,正常转换
101,2026-09-27 16:44:04.208488+08,4,100,优,正常转换
102,2026-09-27 16:44:04.756157+08,4.5,100,优,正常转换
103,2026-09-27 16:44:05.300932+08,5,100,优,正常转换
104,2026-09-27 16:44:05.843991+08,5.5,100,优,正常转换
105,2026-09-27 16:44:06.386394+08,6,100,优,正常转换
106,2026-09-27 16:44:06.936623+08,6.5,100,优,正常转换
107,2026-09-27 16:44:07.478436+08,7,100,优,正常转换
108,2026-09-27 16:44:08.024537+08,7.5,100,优,正常转换
109,2026-09-27 16:44:08.56982+08,8,100,优,正常转换
110,2026-09-27 16:44:09.112994+08,8.5,100,优,正常转换
111,2026-09-27 16:44:09.658978+08,9,100,优,正常转换
112,2026-09-27 16:44:10.199674+08,9.5,100,优,正常转换
113,2026-09-27 17:06:38.832959+08,0,100,优,卡阻
114,2026-09-27 17:06:39.371331+08,0.5,100,优,卡阻
115,2026-09-27 17:06:39.913562+08,1,100,优,卡阻
116,2026-09-27 17:06:40.456178+08,1.5,100,优,卡阻
117,2026-09-27 17:06:41.001702+08,2,100,优,卡阻
118,2026-09-27 17:06:41.547625+08,2.5,100,优,卡阻
119,2026-09-27 17:06:42.095405+08,3,100,优,卡阻
120,2026-09-27 17:06:42.637866+08,3.5,100,优,卡阻
121,2026-09-27 17:06:43.182579+08,4,100,优,卡阻
122,2026-09-27 17:06:43.726077+08,4.5,100,优,卡阻
123,2026-09-27 17:06:44.267277+08,5,100,优,卡阻
124,2026-09-27 17:06:44.808696+08,5.5,70,预警,卡阻
125,2026-09-27 17:06:45.353231+08,6,55,故障,卡阻
126,2026-09-27 17:06:45.899526+08,6.5,55,故障,卡阻
127,2026-09-27 17:06:46.442596+08,7,55,故障,卡阻
128,2026-09-27 17:06:46.98725+08,7.5,55,故障,卡阻
129,2026-09-27 17:06:47.535163+08,8,55,故障,卡阻
130,2026-09-27 17:06:48.081067+08,8.5,55,故障,卡阻
131,2026-09-27 17:06:48.63212+08,9,55,故障,卡阻
132,2026-09-27 17:06:49.170553+08,9.5,55,故障,卡阻
133,2026-09-27 17:09:15.306215+08,0,100,优,正常转换
134,2026-09-27 17:09:15.856751+08,0.5,100,优,正常转换
135,2026-09-27 17:09:16.398744+08,1,100,优,正常转换
136,2026-09-27 17:09:16.946695+08,1.5,100,优,正常转换
137,2026-09-27 17:09:17.491033+08,2,100,优,正常转换
138,2026-09-27 17:09:17.748922+08,0,100,优,卡阻
139,2026-09-27 17:09:18.304156+08,0.5,100,优,卡阻
140,2026-09-27 17:09:18.848193+08,1,100,优,卡阻
141,2026-09-27 17:09:19.391257+08,1.5,100,优,卡阻
142,2026-09-27 17:09:19.939056+08,2,100,优,卡阻
143,2026-09-27 17:09:20.486229+08,2.5,100,优,卡阻
144,2026-09-27 17:09:21.031423+08,3,100,优,卡阻
145,2026-09-27 17:09:21.578306+08,3.5,100,优,卡阻
146,2026-09-27 17:09:22.12661+08,4,100,优,卡阻
147,2026-09-27 17:09:22.545057+08,0,100,优,密贴不良
148,2026-09-27 17:09:23.090912+08,0.5,100,优,密贴不良
149,2026-09-27 17:09:23.636944+08,1,100,优,密贴不良
150,2026-09-27 17:09:24.186328+08,1.5,100,优,密贴不良
151,2026-09-27 17:09:24.573542+08,0,100,优,锁闭失败
152,2026-09-27 17:09:25.116236+08,0.5,100,优,锁闭失败
153,2026-09-27 17:09:25.661723+08,1,100,优,锁闭失败
154,2026-09-27 17:09:26.209485+08,1.5,100,优,锁闭失败
155,2026-09-27 17:09:26.753686+08,2,100,优,锁闭失败
156,2026-09-27 17:09:27.297754+08,2.5,100,优,锁闭失败
157,2026-09-27 17:09:27.841558+08,3,100,优,锁闭失败
158,2026-09-27 17:09:28.38918+08,3.5,100,优,锁闭失败
159,2026-09-27 17:09:28.936527+08,4,100,优,锁闭失败
160,2026-09-27 17:09:29.482082+08,4.5,100,优,锁闭失败
161,2026-09-27 17:09:30.026516+08,5,100,优,锁闭失败
162,2026-09-27 17:09:30.571468+08,5.5,100,优,锁闭失败
163,2026-09-27 17:09:31.119411+08,6,100,优,锁闭失败
164,2026-09-27 17:09:31.663624+08,6.5,65,预警,锁闭失败
165,2026-09-27 17:09:32.206616+08,7,65,预警,锁闭失败
166,2026-09-27 17:09:32.751719+08,7.5,65,预警,锁闭失败
167,2026-09-27 17:09:33.301439+08,8,65,预警,锁闭失败
168,2026-09-27 17:09:33.848576+08,8.5,65,预警,锁闭失败
169,2026-09-27 17:09:34.396898+08,9,65,预警,锁闭失败
170,2026-09-27 17:09:34.94524+08,9.5,65,预警,锁闭失败
171,2026-09-27 17:09:36.338157+08,0,100,优,正常转换
172,2026-09-27 17:09:36.892342+08,0.5,100,优,正常转换
173,2026-09-27 17:09:37.438925+08,1,100,优,正常转换
174,2026-09-27 17:09:37.983731+08,1.5,100,优,正常转换
175,2026-09-27 17:09:38.534341+08,2,100,优,正常转换
176,2026-09-27 17:09:39.08037+08,2.5,100,优,正常转换
177,2026-09-27 17:09:39.624074+08,3,100,优,正常转换
178,2026-09-27 17:09:40.169442+08,3.5,100,优,正常转换
179,2026-09-27 17:09:40.715689+08,4,100,优,正常转换
180,2026-09-27 17:09:41.261841+08,4.5,100,优,正常转换
181,2026-09-27 17:09:41.823946+08,5,100,优,正常转换
182,2026-09-27 17:09:42.367288+08,5.5,100,优,正常转换
183,2026-09-27 17:09:42.911561+08,6,100,优,正常转换
184,2026-09-27 17:09:43.457181+08,6.5,100,优,正常转换
185,2026-09-27 17:09:44.003547+08,7,100,优,正常转换
186,2026-09-27 17:09:44.550858+08,7.5,100,优,正常转换
187,2026-09-27 17:09:45.094405+08,8,100,优,正常转换
188,2026-09-27 17:09:45.641294+08,8.5,100,优,正常转换
189,2026-09-27 17:09:46.183522+08,9,100,优,正常转换
190,2026-09-27 17:09:46.731457+08,9.5,100,优,正常转换
191,2026-09-27 17:13:03.757832+08,0,100,优,正常转换
192,2026-09-27 17:13:04.304004+08,0.5,100,优,正常转换
193,2026-09-27 17:13:04.847296+08,1,100,优,正常转换
194,2026-09-27 17:13:05.392513+08,1.5,100,优,正常转换
195,2026-09-27 17:13:05.935465+08,2,100,优,正常转换
196,2026-09-27 17:13:06.481716+08,2.5,100,优,正常转换
197,2026-09-27 17:13:07.027018+08,3,100,优,正常转换
198,2026-09-27 17:13:07.574004+08,3.5,100,优,正常转换
199,2026-09-27 17:13:08.116567+08,4,100,优,正常转换
200,2026-09-27 17:13:08.664866+08,4.5,100,优,正常转换
201,2026-09-27 17:13:09.21283+08,5,100,优,正常转换
202,2026-09-27 17:13:09.756258+08,5.5,100,优,正常转换
203,2026-09-27 17:13:10.299764+08,6,100,优,正常转换
204,2026-09-27 17:13:10.850587+08,6.5,100,优,正常转换
205,2026-09-27 17:13:11.392021+08,7,100,优,正常转换
206,2026-09-27 17:13:11.937249+08,7.5,100,优,正常转换
207,2026-09-27 17:13:12.484475+08,8,100,优,正常转换
208,2026-09-27 17:13:13.02888+08,8.5,100,优,正常转换
209,2026-09-27 17:13:13.576168+08,9,100,优,正常转换
210,2026-09-27 17:13:13.773649+08,0,100,优,卡阻
211,2026-09-27 17:13:14.325497+08,0.5,100,优,卡阻
212,2026-09-27 17:13:14.868742+08,1,100,优,卡阻
213,2026-09-27 17:13:15.41351+08,1.5,100,优,卡阻
214,2026-09-27 17:13:15.959134+08,2,100,优,卡阻
215,2026-09-27 17:13:16.506436+08,2.5,100,优,卡阻
216,2026-09-27 17:13:17.052716+08,3,100,优,卡阻
217,2026-09-27 17:13:17.59924+08,3.5,100,优,卡阻
218,2026-09-27 17:13:18.141554+08,4,100,优,卡阻
219,2026-09-27 17:13:18.681596+08,4.5,100,优,卡阻
220,2026-09-27 17:13:19.222864+08,5,100,优,卡阻
221,2026-09-27 17:13:19.767513+08,5.5,70,预警,卡阻
222,2026-09-27 17:13:20.313655+08,6,55,故障,卡阻
223,2026-09-27 17:13:20.857176+08,6.5,55,故障,卡阻
224,2026-09-27 17:13:21.407061+08,7,55,故障,卡阻
225,2026-09-27 17:13:21.955227+08,7.5,55,故障,卡阻
226,2026-09-27 17:13:22.496824+08,8,55,故障,卡阻
227,2026-09-27 17:13:23.042152+08,8.5,55,故障,卡阻
228,2026-09-27 17:13:23.583772+08,9,55,故障,卡阻
229,2026-09-27 17:13:23.886644+08,0,100,优,密贴不良
230,2026-09-27 17:13:24.425047+08,0.5,100,优,密贴不良
231,2026-09-27 17:13:24.970743+08,1,100,优,密贴不良
232,2026-09-27 17:13:25.516288+08,1.5,100,优,密贴不良
233,2026-09-27 17:13:26.06132+08,2,100,优,密贴不良
234,2026-09-27 17:13:26.60628+08,2.5,100,优,密贴不良
235,2026-09-27 17:13:27.152551+08,3,100,优,密贴不良
236,2026-09-27 17:13:27.69585+08,3.5,100,优,密贴不良
237,2026-09-27 17:13:28.236544+08,4,100,优,密贴不良
238,2026-09-27 17:13:28.782683+08,4.5,100,优,密贴不良
239,2026-09-27 17:13:29.323878+08,5,100,优,密贴不良
240,2026-09-27 17:13:29.866772+08,5.5,100,优,密贴不良
241,2026-09-27 17:13:30.411067+08,6,100,优,密贴不良
242,2026-09-27 17:13:30.956743+08,6.5,75,良,密贴不良
243,2026-09-27 17:13:31.498881+08,7,45,故障,密贴不良
244,2026-09-27 17:13:32.040612+08,7.5,45,故障,密贴不良
245,2026-09-27 17:13:32.586865+08,8,75,良,密贴不良
246,2026-09-27 17:13:33.133474+08,8.5,75,良,密贴不良
247,2026-09-27 17:13:33.677764+08,9,75,良,密贴不良
248,2026-09-27 17:13:33.901306+08,0,100,优,锁闭失败
249,2026-09-27 17:13:34.442339+08,0.5,100,优,锁闭失败
250,2026-09-27 17:13:34.987072+08,1,100,优,锁闭失败
251,2026-09-27 17:13:35.534999+08,1.5,100,优,锁闭失败
252,2026-09-27 17:13:36.078271+08,2,100,优,锁闭失败
253,2026-09-27 17:13:36.623157+08,2.5,100,优,锁闭失败
254,2026-09-27 17:13:37.172791+08,3,100,优,锁闭失败
255,2026-09-27 17:13:37.717559+08,3.5,100,优,锁闭失败
256,2026-09-27 17:13:38.262484+08,4,100,优,锁闭失败
257,2026-09-27 17:13:38.805908+08,4.5,100,优,锁闭失败
258,2026-09-27 17:13:39.349022+08,5,100,优,锁闭失败
259,2026-09-27 17:13:39.895644+08,5.5,100,优,锁闭失败
260,2026-09-27 17:13:40.441152+08,6,100,优,锁闭失败
261,2026-09-27 17:13:40.986815+08,6.5,65,预警,锁闭失败
262,2026-09-27 17:13:41.533627+08,7,65,预警,锁闭失败
263,2026-09-27 17:13:42.077717+08,7.5,65,预警,锁闭失败
264,2026-09-27 17:13:42.623045+08,8,65,预警,锁闭失败
265,2026-09-27 17:13:43.170218+08,8.5,65,预警,锁闭失败
266,2026-09-27 17:13:43.716048+08,9,65,预警,锁闭失败
267,2026-09-27 17:13:44.169516+08,0,100,优,正常转换
268,2026-09-27 17:13:44.714646+08,0.5,100,优,正常转换
269,2026-09-27 17:13:45.261609+08,1,100,优,正常转换
270,2026-09-27 17:13:45.812258+08,1.5,100,优,正常转换
271,2026-09-27 17:13:46.365698+08,2,100,优,正常转换
272,2026-09-27 17:13:46.908449+08,2.5,100,优,正常转换
273,2026-09-27 17:13:47.456032+08,3,100,优,正常转换
274,2026-09-27 17:13:48.004271+08,3.5,100,优,正常转换
275,2026-09-27 17:13:48.545442+08,4,100,优,正常转换
276,2026-09-27 17:13:49.088935+08,4.5,100,优,正常转换
277,2026-09-27 17:13:49.632746+08,5,100,优,正常转换
278,2026-09-27 17:13:50.178325+08,5.5,100,优,正常转换
279,2026-09-27 17:13:50.720665+08,6,100,优,正常转换
280,2026-09-27 17:13:51.266889+08,6.5,100,优,正常转换
281,2026-09-27 17:13:51.81146+08,7,100,优,正常转换
282,2026-09-27 17:13:52.355645+08,7.5,100,优,正常转换
283,2026-09-27 17:13:52.898203+08,8,100,优,正常转换
284,2026-09-27 17:13:53.444575+08,8.5,100,优,正常转换
285,2026-09-27 17:13:53.990714+08,9,100,优,正常转换
286,2026-09-27 17:13:54.532964+08,9.5,100,优,正常转换
287,2026-09-27 17:13:54.659981+08,0,100,优,卡阻
288,2026-09-27 17:13:55.203557+08,0.5,100,优,卡阻
289,2026-09-27 17:13:55.748989+08,1,100,优,卡阻
290,2026-09-27 17:13:56.292278+08,1.5,100,优,卡阻
291,2026-09-27 17:13:56.842679+08,2,100,优,卡阻
292,2026-09-27 17:13:57.387762+08,2.5,100,优,卡阻
293,2026-09-27 17:13:57.934797+08,3,100,优,卡阻
294,2026-09-27 17:13:58.477206+08,3.5,100,优,卡阻
295,2026-09-27 17:13:59.026752+08,4,100,优,卡阻
296,2026-09-27 17:13:59.566368+08,4.5,100,优,卡阻
297,2026-09-27 17:14:00.109481+08,5,100,优,卡阻
298,2026-09-27 17:14:00.654228+08,5.5,70,预警,卡阻
299,2026-09-27 17:14:01.201307+08,6,55,故障,卡阻
300,2026-09-27 17:14:01.746397+08,6.5,55,故障,卡阻
301,2026-09-27 17:14:02.291873+08,7,55,故障,卡阻
302,2026-09-27 17:14:02.835858+08,7.5,55,故障,卡阻
303,2026-09-27 17:14:03.381592+08,8,55,故障,卡阻
304,2026-09-27 17:47:18.908737+08,0,100,优,正常转换
305,2026-09-27 17:47:19.460803+08,0.5,100,优,正常转换
306,2026-09-27 17:47:20.008584+08,1,100,优,正常转换
307,2026-09-27 17:47:20.494086+08,0,100,优,卡阻
308,2026-09-27 17:47:21.035979+08,0.5,100,优,卡阻
309,2026-09-27 17:47:21.613657+08,0,100,优,密贴不良
310,2026-09-27 17:47:22.157451+08,0.5,100,优,密贴不良
311,2026-09-27 17:47:22.707756+08,1,100,优,密贴不良
312,2026-09-27 17:47:23.248689+08,1.5,100,优,密贴不良
313,2026-09-27 17:47:23.791016+08,2,100,优,密贴不良
314,2026-09-27 17:47:24.33894+08,2.5,100,优,密贴不良
315,2026-09-27 17:47:24.890783+08,3,100,优,密贴不良
316,2026-09-27 17:47:25.429438+08,0,100,优,锁闭失败
317,2026-09-27 17:47:25.978577+08,0.5,100,优,锁闭失败
318,2026-09-27 17:47:26.527316+08,1,100,优,锁闭失败
319,2026-09-27 17:47:27.088509+08,1.5,100,优,锁闭失败
320,2026-09-27 17:47:27.635273+08,2,100,优,锁闭失败
321,2026-09-27 17:47:28.179826+08,2.5,100,优,锁闭失败
322,2026-09-27 17:47:28.726084+08,3,100,优,锁闭失败
323,2026-09-27 17:47:29.377127+08,0,100,优,正常转换
324,2026-09-27 17:47:29.928595+08,0.5,100,优,正常转换
325,2026-09-27 17:47:30.47403+08,1,100,优,正常转换
326,2026-09-27 17:47:31.024829+08,1.5,100,优,正常转换
327,2026-09-27 17:47:31.576567+08,2,100,优,正常转换
328,2026-09-27 17:47:32.127494+08,2.5,100,优,正常转换
329,2026-09-27 17:47:32.671321+08,3,100,优,正常转换
330,2026-09-27 17:47:33.219957+08,3.5,100,优,正常转换
331,2026-09-27 17:47:33.769582+08,4,100,优,正常转换
332,2026-09-27 17:47:34.32249+08,4.5,100,优,正常转换
333,2026-09-27 17:47:34.868601+08,5,100,优,正常转换
334,2026-09-27 17:47:35.418077+08,5.5,100,优,正常转换
335,2026-09-27 17:47:35.967472+08,6,100,优,正常转换
336,2026-09-27 17:47:36.508812+08,6.5,100,优,正常转换
337,2026-09-27 17:47:37.057894+08,7,100,优,正常转换
338,2026-09-27 17:47:37.602578+08,7.5,100,优,正常转换
339,2026-09-27 17:47:38.145251+08,8,100,优,正常转换
340,2026-09-27 17:47:38.692638+08,8.5,100,优,正常转换
341,2026-09-27 17:47:39.239403+08,9,100,优,正常转换
342,2026-09-27 17:47:39.78465+08,9.5,100,优,正常转换
343,2026-09-27 17:56:00.897081+08,0,100,优,正常转换
344,2026-09-27 17:56:01.436708+08,0.5,100,优,正常转换
345,2026-09-27 17:56:01.981836+08,1,100,优,正常转换
346,2026-09-27 17:56:02.527083+08,1.5,100,优,正常转换
347,2026-09-27 17:56:03.070151+08,2,100,优,正常转换
348,2026-09-27 17:56:03.615033+08,2.5,100,优,正常转换
349,2026-09-27 17:56:04.160838+08,3,100,优,正常转换
350,2026-09-27 17:56:04.706396+08,3.5,100,优,正常转换
351,2026-09-27 17:56:05.251835+08,4,100,优,正常转换
352,2026-09-27 17:56:05.798217+08,4.5,100,优,正常转换
353,2026-09-27 17:56:06.348811+08,5,100,优,正常转换
354,2026-09-27 17:56:06.889331+08,5.5,100,优,正常转换
355,2026-09-27 17:56:07.435352+08,6,100,优,正常转换
356,2026-09-27 17:56:07.981724+08,6.5,100,优,正常转换
357,2026-09-27 17:56:08.527652+08,7,100,优,正常转换
358,2026-09-27 17:56:09.079707+08,7.5,100,优,正常转换
359,2026-09-27 17:56:09.625419+08,8,100,优,正常转换
360,2026-09-27 17:56:10.176168+08,8.5,100,优,正常转换
361,2026-09-27 17:56:10.72348+08,9,100,优,正常转换
362,2026-09-27 17:56:11.183091+08,0,100,优,卡阻
363,2026-09-27 17:56:11.725275+08,0.5,100,优,卡阻
364,2026-09-27 17:56:12.276236+08,1,100,优,卡阻
365,2026-09-27 17:56:12.824123+08,1.5,100,优,卡阻
366,2026-09-27 17:56:13.370955+08,2,100,优,卡阻
367,2026-09-27 17:56:13.916263+08,2.5,100,优,卡阻
368,2026-09-27 17:56:14.464245+08,3,100,优,卡阻
369,2026-09-27 17:56:15.010957+08,3.5,100,优,卡阻
370,2026-09-27 17:56:15.559998+08,4,100,优,卡阻
371,2026-09-27 17:56:16.107435+08,4.5,100,优,卡阻
372,2026-09-27 17:56:16.657449+08,5,100,优,卡阻
373,2026-09-27 17:56:17.210429+08,5.5,70,预警,卡阻
374,2026-09-27 17:56:17.758912+08,6,55,故障,卡阻
375,2026-09-27 17:56:18.30462+08,6.5,55,故障,卡阻
376,2026-09-27 17:56:18.851407+08,7,55,故障,卡阻
377,2026-09-27 17:56:19.399811+08,7.5,55,故障,卡阻
378,2026-09-27 17:56:19.94819+08,8,55,故障,卡阻
379,2026-09-27 17:56:20.495655+08,8.5,55,故障,卡阻
380,2026-09-27 17:56:21.042623+08,9,55,故障,卡阻
381,2026-09-27 17:56:21.190578+08,0,100,优,密贴不良
382,2026-09-27 17:56:21.741664+08,0.5,100,优,密贴不良
383,2026-09-27 17:56:22.288211+08,1,100,优,密贴不良
384,2026-09-27 17:56:22.836037+08,1.5,100,优,密贴不良
385,2026-09-27 17:56:23.381123+08,2,100,优,密贴不良
386,2026-09-27 17:56:23.927827+08,2.5,100,优,密贴不良
387,2026-09-27 17:56:24.472782+08,3,100,优,密贴不良
388,2026-09-27 17:56:25.015873+08,3.5,100,优,密贴不良
389,2026-09-27 17:56:25.56448+08,4,100,优,密贴不良
390,2026-09-27 17:56:26.109441+08,4.5,100,优,密贴不良
391,2026-09-27 17:56:26.654444+08,5,100,优,密贴不良
392,2026-09-27 17:56:27.204252+08,5.5,100,优,密贴不良
393,2026-09-27 17:56:27.752309+08,6,100,优,密贴不良
394,2026-09-27 17:56:28.302173+08,6.5,75,良,密贴不良
395,2026-09-27 17:56:28.85067+08,7,45,故障,密贴不良
396,2026-09-27 17:56:29.395624+08,7.5,45,故障,密贴不良
397,2026-09-27 17:56:29.940749+08,8,75,良,密贴不良
398,2026-09-27 17:56:30.490294+08,8.5,75,良,密贴不良
399,2026-09-27 17:56:31.037175+08,9,75,良,密贴不良
400,2026-09-27 17:56:31.465954+08,0,100,优,锁闭失败
401,2026-09-27 17:56:32.013423+08,0.5,100,优,锁闭失败
402,2026-09-27 17:56:32.565417+08,1,100,优,锁闭失败
403,2026-09-27 17:56:33.116281+08,1.5,100,优,锁闭失败
404,2026-09-27 17:56:33.666605+08,2,100,优,锁闭失败
405,2026-09-27 17:56:34.220766+08,2.5,100,优,锁闭失败
406,2026-09-27 17:56:34.769494+08,3,100,优,锁闭失败
407,2026-09-27 17:56:35.317477+08,3.5,100,优,锁闭失败
408,2026-09-27 17:56:35.863363+08,4,100,优,锁闭失败
409,2026-09-27 17:56:36.410008+08,4.5,100,优,锁闭失败
410,2026-09-27 17:56:36.95552+08,5,100,优,锁闭失败
411,2026-09-27 17:56:37.502279+08,5.5,100,优,锁闭失败
412,2026-09-27 17:56:38.046225+08,6,100,优,锁闭失败
413,2026-09-27 17:56:38.597034+08,6.5,65,预警,锁闭失败
414,2026-09-27 17:56:39.143043+08,7,65,预警,锁闭失败
415,2026-09-27 17:56:39.692597+08,7.5,65,预警,锁闭失败
416,2026-09-27 17:56:40.2426+08,8,65,预警,锁闭失败
417,2026-09-27 17:56:40.796593+08,8.5,65,预警,锁闭失败
418,2026-09-27 17:56:41.352292+08,9,65,预警,锁闭失败
419,2026-09-27 17:56:41.979132+08,0,100,优,正常转换
420,2026-09-27 17:56:42.529966+08,0.5,100,优,正常转换
421,2026-09-27 17:56:43.081506+08,1,100,优,正常转换
422,2026-09-27 17:56:43.631872+08,1.5,100,优,正常转换
423,2026-09-27 17:56:44.173787+08,2,100,优,正常转换
424,2026-09-27 17:56:44.722471+08,2.5,100,优,正常转换
425,2026-09-27 17:56:45.263392+08,3,100,优,正常转换
426,2026-09-27 17:56:45.811563+08,3.5,100,优,正常转换
427,2026-09-27 17:56:46.360078+08,4,100,优,正常转换
428,2026-09-27 17:56:46.904579+08,4.5,100,优,正常转换
429,2026-09-27 17:56:47.450299+08,5,100,优,正常转换
430,2026-09-27 17:56:47.995729+08,5.5,100,优,正常转换
431,2026-09-27 17:56:48.541094+08,6,100,优,正常转换
432,2026-09-27 17:56:49.087754+08,6.5,100,优,正常转换
433,2026-09-27 17:56:49.632659+08,7,100,优,正常转换
434,2026-09-27 17:56:50.178646+08,7.5,100,优,正常转换
435,2026-09-27 17:56:50.725223+08,8,100,优,正常转换
436,2026-09-27 17:56:51.269695+08,8.5,100,优,正常转换
437,2026-09-27 17:56:51.813508+08,9,100,优,正常转换
438,2026-09-27 17:56:52.391153+08,0,100,优,卡阻
439,2026-09-27 17:56:52.93596+08,0.5,100,优,卡阻
440,2026-09-27 17:56:53.487927+08,1,100,优,卡阻
441,2026-09-27 17:56:54.030414+08,1.5,100,优,卡阻
442,2026-09-27 17:56:54.57052+08,2,100,优,卡阻
443,2026-09-27 17:56:55.114138+08,2.5,100,优,卡阻
444,2026-09-27 17:56:55.660141+08,3,100,优,卡阻
445,2026-09-27 17:56:56.206857+08,3.5,100,优,卡阻
446,2026-09-27 17:56:56.750644+08,4,100,优,卡阻
447,2026-09-27 17:56:57.300298+08,4.5,100,优,卡阻
448,2026-09-27 17:56:57.848871+08,5,100,优,卡阻
449,2026-09-27 17:56:58.408868+08,5.5,70,预警,卡阻
450,2026-09-27 17:56:58.956316+08,6,55,故障,卡阻
451,2026-09-27 17:56:59.498217+08,6.5,55,故障,卡阻
452,2026-09-27 17:57:00.043174+08,7,55,故障,卡阻
453,2026-09-27 17:57:00.58894+08,7.5,55,故障,卡阻
454,2026-09-27 17:57:01.130987+08,8,55,故障,卡阻
455,2026-09-27 17:57:01.676341+08,8.5,55,故障,卡阻
456,2026-09-27 17:57:02.224138+08,9,55,故障,卡阻
457,2026-09-27 17:57:02.473922+08,0,100,优,密贴不良
458,2026-09-27 17:57:03.023229+08,0.5,100,优,密贴不良
459,2026-09-27 17:57:03.570585+08,1,100,优,密贴不良
460,2026-09-27 17:57:04.114833+08,1.5,100,优,密贴不良
461,2026-09-27 17:57:04.658585+08,2,100,优,密贴不良
462,2026-09-27 17:57:05.210449+08,2.5,100,优,密贴不良
463,2026-09-27 17:57:05.756372+08,3,100,优,密贴不良
464,2026-09-27 17:57:06.300897+08,3.5,100,优,密贴不良
465,2026-09-27 17:57:06.843317+08,4,100,优,密贴不良
466,2026-09-27 17:57:07.39197+08,4.5,100,优,密贴不良
467,2026-09-27 17:57:07.939349+08,5,100,优,密贴不良
468,2026-09-27 17:57:08.485598+08,5.5,100,优,密贴不良
469,2026-09-27 17:57:09.032111+08,6,100,优,密贴不良
470,2026-09-27 17:57:09.578076+08,6.5,75,良,密贴不良
471,2026-09-27 17:57:10.1259+08,7,45,故障,密贴不良
472,2026-09-27 17:57:10.670017+08,7.5,45,故障,密贴不良
473,2026-09-27 17:57:11.213841+08,8,75,良,密贴不良
474,2026-09-27 17:57:11.760355+08,8.5,75,良,密贴不良
475,2026-09-27 17:57:12.306761+08,9,75,良,密贴不良
476,2026-09-27 17:57:12.862269+08,0,100,优,锁闭失败
477,2026-09-27 17:57:13.41969+08,0.5,100,优,锁闭失败
478,2026-09-27 17:57:13.967454+08,1,100,优,锁闭失败
479,2026-09-27 17:57:14.511686+08,1.5,100,优,锁闭失败
480,2026-09-27 17:57:15.057151+08,2,100,优,锁闭失败
481,2026-09-27 17:57:15.602697+08,2.5,100,优,锁闭失败
482,2026-09-27 17:57:16.150708+08,3,100,优,锁闭失败
483,2026-09-27 17:57:16.696043+08,3.5,100,优,锁闭失败
484,2026-09-27 17:57:17.242083+08,4,100,优,锁闭失败
485,2026-09-27 17:57:17.789544+08,4.5,100,优,锁闭失败
486,2026-09-27 17:57:18.333013+08,5,100,优,锁闭失败
487,2026-09-27 17:57:18.880652+08,5.5,100,优,锁闭失败
488,2026-09-27 17:57:19.426684+08,6,100,优,锁闭失败
489,2026-09-27 17:57:19.97333+08,6.5,65,预警,锁闭失败
490,2026-09-27 17:57:20.517705+08,7,65,预警,锁闭失败
491,2026-09-27 17:57:21.062806+08,7.5,65,预警,锁闭失败
492,2026-09-27 17:57:21.605752+08,8,65,预警,锁闭失败
493,2026-09-27 17:57:22.148755+08,8.5,65,预警,锁闭失败
494,2026-09-27 17:57:22.691988+08,9,65,预警,锁闭失败
495,2026-09-27 17:57:23.080404+08,0,100,优,正常转换
496,2026-09-27 17:57:23.628638+08,0.5,100,优,正常转换
497,2026-09-27 17:57:24.174232+08,1,100,优,正常转换
498,2026-09-27 17:57:24.720927+08,1.5,100,优,正常转换
499,2026-09-27 17:57:25.267342+08,2,100,优,正常转换
500,2026-09-27 17:57:25.813747+08,2.5,100,优,正常转换
501,2026-09-27 17:57:26.358028+08,3,100,优,正常转换
502,2026-09-27 17:57:26.899887+08,3.5,100,优,正常转换
503,2026-09-27 17:57:27.445815+08,4,100,优,正常转换
504,2026-09-27 17:57:27.993306+08,4.5,100,优,正常转换
505,2026-09-27 17:57:28.538794+08,5,100,优,正常转换
506,2026-09-27 17:57:29.082548+08,5.5,100,优,正常转换
507,2026-09-27 17:57:29.627574+08,6,100,优,正常转换
508,2026-09-27 17:57:30.17026+08,6.5,100,优,正常转换
509,2026-09-27 17:57:30.718915+08,7,100,优,正常转换
510,2026-09-27 17:57:31.263176+08,7.5,100,优,正常转换
511,2026-09-27 17:57:31.807639+08,8,100,优,正常转换
512,2026-09-27 17:57:32.352523+08,8.5,100,优,正常转换
513,2026-09-27 17:57:32.897859+08,9,100,优,正常转换
514,2026-09-27 17:57:33.284434+08,0,100,优,卡阻
515,2026-09-27 17:57:33.827246+08,0.5,100,优,卡阻
516,2026-09-27 17:57:34.369452+08,1,100,优,卡阻
517,2026-09-27 17:57:34.917302+08,1.5,100,优,卡阻
518,2026-09-27 17:57:35.463797+08,2,100,优,卡阻
519,2026-09-27 17:57:36.008105+08,2.5,100,优,卡阻
520,2026-09-27 17:57:36.553838+08,3,100,优,卡阻
521,2026-09-27 17:57:37.099636+08,3.5,100,优,卡阻
522,2026-09-27 17:57:37.643612+08,4,100,优,卡阻
523,2026-09-27 17:57:38.188341+08,4.5,100,优,卡阻
524,2026-09-27 17:57:38.735306+08,5,100,优,卡阻
525,2026-09-27 17:57:39.275705+08,5.5,70,预警,卡阻
526,2026-09-27 17:57:39.819893+08,6,55,故障,卡阻
527,2026-09-27 17:57:40.361336+08,6.5,55,故障,卡阻
528,2026-09-27 17:57:40.903393+08,7,55,故障,卡阻
529,2026-09-27 17:57:41.448057+08,7.5,55,故障,卡阻
530,2026-09-27 17:57:41.998338+08,8,55,故障,卡阻
531,2026-09-27 17:57:42.541719+08,8.5,55,故障,卡阻
532,2026-09-27 17:57:43.087939+08,9,55,故障,卡阻
533,2026-09-27 17:57:43.627848+08,0,100,优,密贴不良
534,2026-09-27 17:57:44.181411+08,0.5,100,优,密贴不良
535,2026-09-27 17:57:44.72637+08,1,100,优,密贴不良
536,2026-09-27 17:57:45.272908+08,1.5,100,优,密贴不良
537,2026-09-27 17:57:45.818824+08,2,100,优,密贴不良
538,2026-09-27 17:57:46.365505+08,2.5,100,优,密贴不良
539,2026-09-27 17:57:46.914153+08,3,100,优,密贴不良
540,2026-09-27 17:57:47.463562+08,3.5,100,优,密贴不良
541,2026-09-27 17:57:48.007073+08,4,100,优,密贴不良
542,2026-09-27 17:57:48.553967+08,4.5,100,优,密贴不良
543,2026-09-27 17:57:49.098735+08,5,100,优,密贴不良
544,2026-09-27 17:57:49.646168+08,5.5,100,优,密贴不良
545,2026-09-27 17:57:50.191578+08,6,100,优,密贴不良
546,2026-09-27 17:57:50.736303+08,6.5,75,良,密贴不良
547,2026-09-27 17:57:51.284037+08,7,45,故障,密贴不良
548,2026-09-27 17:57:51.82844+08,7.5,45,故障,密贴不良
549,2026-09-27 17:57:52.373679+08,8,75,良,密贴不良
550,2026-09-27 17:57:52.917771+08,8.5,75,良,密贴不良
551,2026-09-27 17:57:53.462368+08,9,75,良,密贴不良
552,2026-09-27 17:57:53.551421+08,0,100,优,锁闭失败
553,2026-09-27 17:57:54.103866+08,0.5,100,优,锁闭失败
554,2026-09-27 17:57:54.646712+08,1,100,优,锁闭失败
555,2026-09-27 17:57:55.19297+08,1.5,100,优,锁闭失败
556,2026-09-27 17:57:55.740042+08,2,100,优,锁闭失败
557,2026-09-27 17:57:56.286258+08,2.5,100,优,锁闭失败
558,2026-09-27 17:57:56.828887+08,3,100,优,锁闭失败
559,2026-09-27 17:57:57.37462+08,3.5,100,优,锁闭失败
560,2026-09-27 17:57:57.920711+08,4,100,优,锁闭失败
561,2026-09-27 17:57:58.467046+08,4.5,100,优,锁闭失败
562,2026-09-27 17:57:59.02687+08,5,100,优,锁闭失败
563,2026-09-27 17:57:59.568294+08,5.5,100,优,锁闭失败
564,2026-09-27 17:58:00.112573+08,6,100,优,锁闭失败
565,2026-09-27 17:58:00.656062+08,6.5,65,预警,锁闭失败
566,2026-09-27 17:58:01.200367+08,7,65,预警,锁闭失败
567,2026-09-27 17:58:01.752674+08,7.5,65,预警,锁闭失败
568,2026-09-27 17:58:02.300474+08,8,65,预警,锁闭失败
569,2026-09-27 17:58:02.843476+08,8.5,65,预警,锁闭失败
570,2026-09-27 17:58:03.387202+08,9,65,预警,锁闭失败
571,2026-09-27 17:58:03.934365+08,9.5,65,预警,锁闭失败
572,2026-09-27 17:58:04.057306+08,0,100,优,正常转换
573,2026-09-27 17:58:04.60478+08,0.5,100,优,正常转换
574,2026-09-27 17:58:05.145945+08,1,100,优,正常转换
575,2026-09-27 17:58:05.691618+08,1.5,100,优,正常转换
576,2026-09-27 17:58:06.238768+08,2,100,优,正常转换
577,2026-09-27 17:58:06.785652+08,2.5,100,优,正常转换
578,2026-09-27 17:58:07.332877+08,3,100,优,正常转换
579,2026-09-27 17:58:07.876582+08,3.5,100,优,正常转换
580,2026-09-27 17:58:08.424522+08,4,100,优,正常转换
581,2026-09-27 17:58:08.969453+08,4.5,100,优,正常转换
582,2026-09-27 17:58:09.510579+08,5,100,优,正常转换
583,2026-09-27 17:58:10.055556+08,5.5,100,优,正常转换
584,2026-09-27 17:58:10.603503+08,6,100,优,正常转换
585,2026-09-27 17:58:11.146016+08,6.5,100,优,正常转换
586,2026-09-27 17:58:11.691301+08,7,100,优,正常转换
587,2026-09-27 17:58:12.237942+08,7.5,100,优,正常转换
588,2026-09-27 17:58:12.785005+08,8,100,优,正常转换
589,2026-09-27 17:58:13.330906+08,8.5,100,优,正常转换
590,2026-09-27 17:58:13.878989+08,9,100,优,正常转换
591,2026-09-27 17:58:14.414663+08,0,100,优,卡阻
592,2026-09-27 17:58:14.969831+08,0.5,100,优,卡阻
593,2026-09-27 17:58:15.513814+08,1,100,优,卡阻
594,2026-09-27 17:58:16.06124+08,1.5,100,优,卡阻
595,2026-09-27 17:58:16.605683+08,2,100,优,卡阻
596,2026-09-27 17:58:17.151662+08,2.5,100,优,卡阻
597,2026-09-27 17:58:17.697185+08,3,100,优,卡阻
598,2026-09-27 17:58:18.249758+08,3.5,100,优,卡阻
599,2026-09-27 17:58:18.789752+08,4,100,优,卡阻
600,2026-09-27 17:58:19.33372+08,4.5,100,优,卡阻
601,2026-09-27 17:58:19.877942+08,5,100,优,卡阻
602,2026-09-27 17:58:20.41993+08,5.5,70,预警,卡阻
603,2026-09-27 17:58:20.964584+08,6,55,故障,卡阻
604,2026-09-27 17:58:21.507476+08,6.5,55,故障,卡阻
605,2026-09-27 17:58:22.055036+08,7,55,故障,卡阻
606,2026-09-27 17:58:22.601336+08,7.5,55,故障,卡阻
607,2026-09-27 17:58:23.146042+08,8,55,故障,卡阻
608,2026-09-27 17:58:23.69038+08,8.5,55,故障,卡阻
609,2026-09-27 17:58:24.239545+08,9,55,故障,卡阻
610,2026-09-27 17:58:24.788743+08,9.5,55,故障,卡阻
611,2026-09-27 17:58:24.980752+08,0,100,优,密贴不良
612,2026-09-27 17:58:25.521063+08,0.5,100,优,密贴不良
613,2026-09-27 17:58:26.068422+08,1,100,优,密贴不良
614,2026-09-27 17:58:26.614983+08,1.5,100,优,密贴不良
615,2026-09-27 17:58:27.160015+08,2,100,优,密贴不良
616,2026-09-27 17:58:27.703183+08,2.5,100,优,密贴不良
617,2026-09-27 17:58:28.252851+08,3,100,优,密贴不良
618,2026-09-27 17:58:28.798035+08,3.5,100,优,密贴不良
619,2026-09-27 17:58:29.340248+08,4,100,优,密贴不良
620,2026-09-27 17:58:29.883653+08,4.5,100,优,密贴不良
621,2026-09-27 17:58:30.430313+08,5,100,优,密贴不良
622,2026-09-27 17:58:30.973394+08,5.5,100,优,密贴不良
623,2026-09-27 17:58:31.51729+08,6,100,优,密贴不良
624,2026-09-27 17:58:32.060169+08,6.5,75,良,密贴不良
625,2026-09-27 17:58:32.60755+08,7,45,故障,密贴不良
626,2026-09-27 17:58:33.152181+08,7.5,45,故障,密贴不良
627,2026-09-27 17:58:33.696678+08,8,75,良,密贴不良
628,2026-09-27 17:58:34.242155+08,8.5,75,良,密贴不良
629,2026-09-27 17:58:34.785924+08,9,75,良,密贴不良
630,2026-09-27 17:58:34.938992+08,0,100,优,锁闭失败
631,2026-09-27 17:58:35.489504+08,0.5,100,优,锁闭失败
632,2026-09-27 17:58:36.032819+08,1,100,优,锁闭失败
633,2026-09-27 17:58:36.580844+08,1.5,100,优,锁闭失败
634,2026-09-27 17:58:37.126359+08,2,100,优,锁闭失败
635,2026-09-27 17:58:37.67419+08,2.5,100,优,锁闭失败
636,2026-09-27 17:58:38.218788+08,3,100,优,锁闭失败
637,2026-09-27 17:58:38.761525+08,3.5,100,优,锁闭失败
638,2026-09-27 17:58:39.308247+08,4,100,优,锁闭失败
639,2026-09-27 17:58:39.848721+08,4.5,100,优,锁闭失败
640,2026-09-27 17:58:40.394489+08,5,100,优,锁闭失败
641,2026-09-27 17:58:40.937365+08,5.5,100,优,锁闭失败
642,2026-09-27 17:58:41.480249+08,6,100,优,锁闭失败
643,2026-09-27 17:58:42.025463+08,6.5,65,预警,锁闭失败
644,2026-09-27 17:58:42.572605+08,7,65,预警,锁闭失败
645,2026-09-27 17:58:43.119466+08,7.5,65,预警,锁闭失败
646,2026-09-27 17:58:43.666957+08,8,65,预警,锁闭失败
647,2026-09-27 17:58:44.212821+08,8.5,65,预警,锁闭失败
648,2026-09-27 17:58:44.758557+08,9,65,预警,锁闭失败
649,2026-09-27 17:58:45.304555+08,9.5,65,预警,锁闭失败
650,2026-09-27 17:58:45.528991+08,0,100,优,正常转换
651,2026-09-27 17:58:46.087923+08,0.5,100,优,正常转换
652,2026-09-27 17:58:46.634606+08,1,100,优,正常转换
653,2026-09-27 17:58:47.182371+08,1.5,100,优,正常转换
654,2026-09-27 17:58:47.751163+08,2,100,优,正常转换
655,2026-09-27 17:58:48.289084+08,2.5,100,优,正常转换
656,2026-09-27 17:58:48.834308+08,3,100,优,正常转换
657,2026-09-27 17:58:49.383551+08,3.5,100,优,正常转换
658,2026-09-27 17:58:49.92675+08,4,100,优,正常转换
659,2026-09-27 17:58:50.474282+08,4.5,100,优,正常转换
660,2026-09-27 17:58:51.014719+08,5,100,优,正常转换
661,2026-09-27 17:58:51.556796+08,5.5,100,优,正常转换
662,2026-09-27 17:58:52.098756+08,6,100,优,正常转换
663,2026-09-27 17:58:52.644831+08,6.5,100,优,正常转换
664,2026-09-27 17:58:53.193241+08,7,100,优,正常转换
665,2026-09-27 17:58:53.736503+08,7.5,100,优,正常转换
666,2026-09-27 17:58:54.282461+08,8,100,优,正常转换
667,2026-09-27 17:58:54.830222+08,8.5,100,优,正常转换
668,2026-09-27 17:58:55.373301+08,9,100,优,正常转换
669,2026-09-27 17:58:55.638917+08,0,100,优,卡阻
670,2026-09-27 17:58:56.187367+08,0.5,100,优,卡阻
671,2026-09-27 17:58:56.730849+08,1,100,优,卡阻
672,2026-09-27 17:58:57.277938+08,1.5,100,优,卡阻
673,2026-09-27 17:58:57.822934+08,2,100,优,卡阻
674,2026-09-27 17:58:58.370526+08,2.5,100,优,卡阻
675,2026-09-27 17:58:58.914494+08,3,100,优,卡阻
676,2026-09-27 17:58:59.461506+08,3.5,100,优,卡阻
677,2026-09-27 17:59:00.009542+08,4,100,优,卡阻
678,2026-09-27 17:59:00.552816+08,4.5,100,优,卡阻
